-4.310036924524677793e-01
1.961301972558607554e-01
-2.579480803020319304e-02
-1.185452782833954360e-01
4.666540723832468540e-01
-1.719241507625973164e-01
-1.611487273444966450e-01
-3.023771419002280747e-01
1.100323647219635520e-01
3.437432422685112177e-01
1.110119453801271857e-03
1.651189662072833353e-01
1.241809404405417733e-01
-2.962983935874227703e-01
-1.167932127321691521e-01
-5.328251822954559180e-02
4.709413715673575473e-01
1.275295545920812346e-01
9.953235732151140269e-02
-9.350668510225762509e-02
-2.369287975514544065e-01
3.976522174638297269e-02
-1.021075665076249667e-01
7.286856912878600379e-03
1.101723169058895779e-01
-4.250128263663285333e-01
-2.978845843521092385e-01
-2.214225861811176255e-01
-3.372893189313597162e-01
-1.420294549042694920e-01
1.267369246302799957e-01
9.500601278592542276e-03
-9.875159191430622763e-02
3.403615023941793105e-02
-2.011039369203670157e-01
-5.171860329278828161e-02
5.070025421099166874e-02
-3.305224496984149329e-02
-1.353222012249896411e-01
1.628848409257717400e-01
-3.815165334526148672e-03
1.292212265761416567e-01
-1.376795578170820766e-01
-4.437436474960601007e-01
5.784064571737379014e-03
3.285014846506024294e-02
-1.173465914491333001e-01
1.893991034142112617e-01
8.719440847078875623e-02
1.325361372657134218e-01
