-6.770953981851761394e-02
-5.149175470470030991e-01
9.378370722700305473e-01
4.275066721805978465e-01
-1.010995345318050020e+00
2.746616786804024213e-01
-1.490543895144749442e-01
1.157145580632969184e-01
-4.683596347225649215e-01
-1.100871129999262177e+00
-6.694256039138077874e-01
8.853916679526188105e-01
-3.013039589009109953e-01
-6.767251189516817478e-01
-1.750362363326587178e-01
-9.336980822725133855e-01
-1.916978840870873016e-02
-9.900188948040855585e-01
1.205764045505749033e-01
6.177410350841356923e-01
7.888023757367117472e-01
2.227939171421500220e-01
-2.978637545821805621e-01
9.920246486287161158e-02
2.788306752118837467e-02
-1.368192952187402112e+00
-9.318892779348086908e-01
-1.404270770753765496e-01
5.578650379022342953e-01
-5.933006484997963570e-01
5.924081155444033131e-01
-3.858182429255648804e-01
-3.634115088851072040e-01
3.299339589886887136e-01
3.256237605784604860e-01
-2.904798215013158491e-01
-2.586412080003331823e-02
-6.407201815787022525e-02
-3.144185306141848990e-01
3.126382552682311355e-01
5.973243568074153576e-01
-4.693615067538747104e-02
-1.770438800353268671e-01
-8.508745794576488830e-01
1.002987271578066331e-01
-6.596900409026547063e-01
3.469754222009105438e-01
-4.130230433876401763e-01
1.813760500545902321e-01
-1.005589572708725093e-01
-4.762773340949287282e-01
-5.076719167770175067e-01
4.377095380059937146e-01
-3.751644806789086184e-01
2.251904733894287414e-01
3.961402309452969894e-01
1.109713894444718241e-01
4.311864522675763756e-02
1.511834018252695033e+00
-1.140257852250794457e+00
-1.269166121607424591e+00
6.915276207438593170e-01
9.941366874133538145e-01
-8.910954270041535064e-02
2.458174808246020304e-01
-8.143088476499976691e-01
1.202530283861101001e-01
-1.549572048677006486e-01
-4.876731551880799098e-01
-1.005259452551609423e+00
-1.041650717726461561e+00
-3.267379655906125779e-01
-1.210462997896190329e-01
-5.363485444923966616e-01
-7.035143987319560088e-02
